48996
48995
48994
48993
48992
48991
48990
48989
48988
48987
48986
48985
48984
48983
48982
48981
48980
48979
48978
48977
48976
48975
48974
48973
48972
48971
48970
48969
48968
48967
48966
48965
48964
48963
48962
48961
48960
48959
48958
48957
48956
48955
48954
48953
48952
48951
48950
48949
48948
48947
48946
48945
48944
48943
48942
48941
48940
48939
48938
48937
48936
48935
48934
48933
48932
48931
48930
48929
48928
48927
48926
48925
48924
48923
48922
48921
48920
48919
48918
48917
48916
48915
48914
48913
48912
48911
48910
48909
48908
48907
48906
48905
48904
48903
48902
48901
48900
48899
48898
48897
48896
48895
48894
48893
48892
48891
48890
48889
48888
48887
48886
48885
48883
48882
48881
48880
48879
48878
48877
48876
48875
48874
48873
48872
48871
48870
48869
48868
48867
48866
48865
48864
48863
48862
48861
48860
48859
48858
48857
48856
48855
48854
48853
48852
48851
48850
48849
48848
48847
48846
48845
48844
48843
48842
48841
48840
48839
48838
48837
48836
48835
48834
48833
48832
48831
48830
48829
48828
48827
48826
48825
48824
48823
48822
48821
48820
48819
48818
48817
48816
48815
48814
48813
48812
48811
48810
48809
48808
48807
48806
48805
48804
48803
48802
48801
48800
48799
48798
48797
48796
48795
48794
48793
48792
48791
48790
48789
48788
48787
48786
48785
48784
48783
48782
48781
48780
48779
48778
48777
48776
48775
48774
48773
48772
48771
48770
48769
48768
48767
48766
48765
48764
48763
48762
48761
48760
48759
48758
48757
48756
48755
48754
48753
48752
48751
48750
48749
48748
48747
48746
48745
48744
48743
48742
48741
48740
48739
48738
48737
48736
48735
48734
48733
48732
48731
48730
48729
48728
48727
48726
48725
48724
48723
48722
48721
48720
48719
48718
48717
48716
48715
48714
48713
48712
48711
48710
48709
48708
48707
48706
48705
48704
48703
48702
48701
48700
48699
48698
48697
48696
48695
48694
48693
48692
48691
48690
48689
48688
48687
48686
48685
48684
48683
48682
48681
48680
48679
48678
48677
48676
48675
48674
48673
48672
48671
48670
48669
48668
48667
48666
48665
48664
48663
48662
48661
48660
48659
48658
48657
48656
48655
48654
